0000011111111111
0000000000000001
0000000000010000
1001000000000000
1001011111111111
0000000000000011
0000000001010000
1111000011110000
0000111100000000
1010101000000000
0000000001110111
0000000010100000
1010000010100000
1111111100000000
1111101000000000
1101101011011010
0000000100000000
0001000100010001
0010001000100010
0011001100110011
0100010001000100
0011111111111111
0000000000000010
0000000011111111
0000000000000001
0000000000010001
0000000000100010
0000000100000000
0000000000001111
1111111111110000
0000001000000001
0000001000000000
0011000000000110
0000000000000111
0000000000001000
1111111111111111
1111111111111111
1111111111111111
